Gauss15x15
2 2  3  4  5  5  6  6  6  5  5  4  3 2 2
2 3  4  5  7  7  8  8  8  7  7  5  4 3 2
3 4  6  7  9 10 10 11 10 10  9  7  6 4 3
4 5  7  9 10 12 13 13 13 12 10  9  7 5 4
5 7  9 11 13 14 15 16 15 14 13 11  9 7 5
5 7 10 12 14 16 17 18 17 16 14 12 10 7 5
6 8 10 13 15 17 19 19 19 17 15 13 10 8 6
6 8 11 13 16 18 19 20 19 18 16 13 11 8 6
6 8 10 13 15 17 19 19 19 17 15 13 10 8 6
5 7 10 12 14 16 17 18 17 16 14 12 10 7 5
5 7  9 11 13 14 15 16 15 14 13 11  9 7 5
4 5  7  9 10 12 13 13 13 12 10  9  7 5 4
3 4  6  7  9 10 10 11 10 10  9  7  6 4 3
2 3  4  5  7  7  8  8  8  7  7  5  4 3 2
2 2  3  4  5  5  6  6  6  5  5  4  3 2 2

******************
Gauss7x7
1  1  2  2  2  1  1
1  2  2  4  2  2  1
2  2  4  8  4  2  2
2  4  8 16  8  4  2
2  2  4  8  4  2  2
1  2  2  4  2  2  1
1  1  2  2  2  1  1

******************
GradN3x3
-1 -2 -1
 0  0  0
+1 +2 +1

******************
GradNW3x3
-2 -1  0
-1  0 +1
 0 +1 +2

******************
GradW7x7
 0 -1 -1  0  1  1  0
-1 -2 -2  0  2  2  1
-1 -2 -3  0  3  2  1
-1 -2 -3  0  3  2  1
-1 -2 -3  0  3  2  1
-1 -2 -2  0  2  2  1
 0 -1 -1  0  1  1  0

******************
Hat13x13
   0   0   0   0   0  -1  -1  -1   0   0   0   0   0
   0   0   0  -1  -1  -2  -2  -2  -1  -1   0   0   0
   0   0  -2  -2  -3  -3  -4  -3  -3  -2  -2   0   0
   0  -1  -2  -3  -3  -3  -2  -3  -3  -3  -2  -1   0
   0  -1  -3  -3  -1   4   6   4  -1  -3  -3  -1   0
  -1  -2  -3  -3   4  14  19  14   4  -3  -3  -2  -1
  -1  -2  -4  -2   6  19  24  19   6  -2  -4  -2  -1
  -1  -2  -3  -3   4  14  19  14   4  -3  -3  -2  -1
   0  -1  -3  -3  -1   4   6   4  -1  -3  -3  -1   0
   0  -1  -2  -3  -3  -3  -2  -3  -3  -3  -2  -1   0
   0   0  -2  -2  -3  -3  -4  -3  -3  -2  -2   0   0
   0   0   0  -1  -1  -2  -2  -2  -1  -1   0   0   0
   0   0   0   0   0  -1  -1  -1   0   0   0   0   0

******************
Hat17x17
   0   0   0   0   0   0  -1  -1  -1  -1  -1   0   0   0   0   0  0
   0   0   0   0  -1  -1  -1  -1  -1  -1  -1  -1  -1   0   0   0  0
   0   0  -1  -1  -1  -2  -3  -3  -3  -3  -3  -2  -1  -1  -1   0  0
   0   0  -1  -1  -2  -3  -3  -3  -3  -3  -3  -3  -2  -1  -1   0  0
   0  -1  -1  -2  -3  -3  -3  -2  -3  -2  -3  -3  -3  -2  -1  -1  0
   0  -1  -2  -3  -3  -3   0   2   4   2   0  -3  -3  -3  -2  -1  0
  -1  -1  -3  -3  -3   0   4  10  12  10   4   0  -3  -3  -3  -1 -1
  -1  -1  -3  -3  -2   2  10  18  21  18  10   2  -2  -3  -3  -1 -1
  -1  -1  -3  -3  -3   4  12  21  24  21  12   4  -3  -3  -3  -1 -1
  -1  -1  -3  -3  -2   2  10  18  21  18  10   2  -2  -3  -3  -1 -1
  -1  -1  -3  -3  -3   0   4  10  12  10   4   0  -3  -3  -3  -1 -1
   0  -1  -2  -3  -3  -3   0   2   4   2   0  -3  -3  -3  -2  -1  0
   0  -1  -1  -2  -3  -3  -3  -2  -3  -2  -3  -3  -3  -2  -1  -1  0
   0   0  -1  -1  -2  -3  -3  -3  -3  -3  -3  -3  -2  -1  -1   0  0
   0   0  -1  -1  -1  -2  -3  -3  -3  -3  -3  -2  -1  -1  -1   0  0
   0   0   0   0  -1  -1  -1  -1  -1  -1  -1  -1  -1   0   0   0  0
   0   0   0   0   0   0  -1  -1  -1  -1  -1   0   0   0   0   0  0

******************
Hat5x5
   0   0  -1   0   0
   0  -1  -2  -1   0
  -1  -2  16  -2  -1
   0  -1  -2  -1   0
   0   0  -1   0   0

******************
Laplace5x5
-1 -1 -1 -1 -1
-1 -1 -1 -1 -1
-1 -1 24 -1 -1
-1 -1 -1 -1 -1
-1 -1 -1 -1 -1

******************
Laplace9x9
-1 -1 -1 -1 -1 -1 -1 -1 -1
-1 -1 -1 -1 -1 -1 -1 -1 -1
-1 -1 -1 -1 -1 -1 -1 -1 -1
-1 -1 -1 +8 +8 +8 -1 -1 -1
-1 -1 -1 +8 +8 +8 -1 -1 -1
-1 -1 -1 +8 +8 +8 -1 -1 -1
-1 -1 -1 -1 -1 -1 -1 -1 -1
-1 -1 -1 -1 -1 -1 -1 -1 -1
-1 -1 -1 -1 -1 -1 -1 -1 -1

******************
Shadow3x3
-2 -1  0
-1  1 +1
 0 +1 +2

******************
Smooth11x11
1 1 1 1 1 1 1 1 1 1 1
1 1 1 1 1 1 1 1 1 1 1
1 1 1 1 1 1 1 1 1 1 1
1 1 1 1 1 1 1 1 1 1 1
1 1 1 1 1 1 1 1 1 1 1
1 1 1 1 1 1 1 1 1 1 1
1 1 1 1 1 1 1 1 1 1 1
1 1 1 1 1 1 1 1 1 1 1
1 1 1 1 1 1 1 1 1 1 1
1 1 1 1 1 1 1 1 1 1 1
1 1 1 1 1 1 1 1 1 1 1

